%YAML:1.0
canny_parameters:
<<<<<<< HEAD
   Thresh1: 169
   Thresh2: 115
=======
   Thresh1: 51
   Thresh2: 271
>>>>>>> ddec67ef4ff2a47f733fac7262a8f96fef727217
   Calibrating: 1
